16 16
7 5 7 0 5 3 2 0 6 5 2 4 1 9 7 3
9 2 2 1 3 2 8 0 8 7 6 8 6 0 1 4
1 1 6 7 9 3 3 5 1 5 2 0 8 4 3 5
1 5 0 9 8 0 8 5 2 7 2 1 9 1 9 0
1 9 4 1 5 0 5 6 9 6 0 0 4 9 8 8
4 6 0 4 8 8 0 1 4 3 4 3 8 4 4 2
7 2 4 4 4 9 5 2 6 7 3 3 2 3 2 2
3 2 5 9 3 2 8 7 6 6 0 6 6 2 8 6
5 5 8 3 4 6 2 2 8 9 3 3 2 1 7 2
0 7 2 3 2 4 8 3 0 9 2 1 6 1 9 2
1 7 6 6 9 9 6 4 7 9 0 3 0 3 0 4
8 5 8 6 6 3 9 4 0 2 0 8 3 8 0 0
8 2 7 2 9 3 3 4 3 6 7 3 4 7 7 7
6 7 3 7 3 8 2 8 3 0 1 0 5 3 0 4
3 0 9 0 6 5 7 7 2 7 5 4 4 7 9 3
5 3 0 2 1 3 2 0 3 4 5 9 5 0 8 0
